9999 9999 Erebus <identity>GPlates-3ba18982-d7b7-48b6-8066-5c551483614c</identity>
   1  200.0 -999.0 UN   0   0   1     6
 -78.0000  167.0000 3
 -77.0000  167.0000 3
 -78.5000  167.8660 2
 -78.5000  166.1340 2
 -77.0000  167.0000 2
 -78.5000  167.8660 2
  99.0000   99.0000 3
9999 9999 Balleny <identity>GPlates-5445eb66-5ce2-4e9f-8a30-bc8d10817f2a</identity>
   1  200.0 -999.0 UN   0   0   1     6
 -67.0000  163.0000 3
 -66.0000  163.0000 3
 -67.5000  163.8660 2
 -67.5000  162.1340 2
 -66.0000  163.0000 2
 -67.5000  163.8660 2
  99.0000   99.0000 3
9999 9999 Deception_Island <identity>GPlates-8bda360c-e38f-4030-a093-29925fd740c0</identity>
   1  200.0 -999.0 UN   0   0   1     6
 -63.0000  -61.0000 3
 -62.0000  -61.0000 3
 -63.5000  -60.1340 2
 -63.5000  -61.8660 2
 -62.0000  -61.0000 2
 -63.5000  -60.1340 2
  99.0000   99.0000 3
9999 9999 Louisville <identity>GPlates-aa7a9932-c45d-4093-96ca-67f784387583</identity>
   1  200.0 -999.0 UN   0   0   1     6
 -54.0000 -141.0000 3
 -53.0000 -141.0000 3
 -54.5000 -140.1340 2
 -54.5000 -141.8660 2
 -53.0000 -141.0000 2
 -54.5000 -140.1340 2
  99.0000   99.0000 3
9999 9999 Bouvet_Shona <identity>GPlates-cada6eb0-3ea2-4fa3-8ca0-1d95acf7cab7</identity>
   1  200.0 -999.0 UN   0   0   1     6
 -54.0000    3.0000 3
 -53.0000    3.0000 3
 -54.5000    3.8660 2
 -54.5000    2.1340 2
 -53.0000    3.0000 2
 -54.5000    3.8660 2
  99.0000   99.0000 3
9999 9999 Kerguelen <identity>GPlates-9f2e76e6-0755-4af7-b8a0-3d0d233fdcea</identity>
   1  200.0 -999.0 UN   0   0   1     6
 -50.0000   69.0000 3
 -49.0000   69.0000 3
 -50.5000   69.8660 2
 -50.5000   68.1340 2
 -49.0000   69.0000 2
 -50.5000   69.8660 2
  99.0000   99.0000 3
9999 9999 Marion <identity>GPlates-eb1a7f8c-aa3d-41d8-80cc-5a20e94d78a0</identity>
   1  200.0 -999.0 UN   0   0   1     6
 -47.0000   38.0000 3
 -46.0000   38.0000 3
 -47.5000   38.8660 2
 -47.5000   37.1340 2
 -46.0000   38.0000 2
 -47.5000   38.8660 2
  99.0000   99.0000 3
9999 9999 Crozet <identity>GPlates-edb7a34e-a393-41b0-baa0-18cfdfbace18</identity>
   1  200.0 -999.0 UN   0   0   1     6
 -46.0000   50.0000 3
 -45.0000   50.0000 3
 -46.5000   50.8660 2
 -46.5000   49.1340 2
 -45.0000   50.0000 2
 -46.5000   50.8660 2
  99.0000   99.0000 3
9999 9999 Chatam <identity>GPlates-bfd44cef-77b2-4158-960c-ff91c220896d</identity>
   1  200.0 -999.0 UN   0   0   1     6
 -44.0000 -177.0000 3
 -43.0000 -177.0000 3
 -44.5000 -176.1340 2
 -44.5000 -177.8660 2
 -43.0000 -177.0000 2
 -44.5000 -176.1340 2
  99.0000   99.0000 3
9999 9999 Discovery <identity>GPlates-2f3fe6dd-4265-4c5d-9f22-555ebe0a607f</identity>
   1  200.0 -999.0 UN   0   0   1     6
 -42.0000    0.0000 3
 -41.0000    0.0000 3
 -42.5000    0.8660 2
 -42.5000   -0.8660 2
 -41.0000    0.0000 2
 -42.5000    0.8660 2
  99.0000   99.0000 3
9999 9999 Australia <identity>GPlates-13458467-735f-408b-ac9d-c772291186a4</identity>
   1  200.0 -999.0 UN   0   0   1     6
 -41.0000  146.0000 3
 -40.0000  146.0000 3
 -41.5000  146.8660 2
 -41.5000  145.1340 2
 -40.0000  146.0000 2
 -41.5000  146.8660 2
  99.0000   99.0000 3
9999 9999 Tasmanid <identity>GPlates-79ed05ac-a69a-4624-ac7d-216f30f5f11f</identity>
   1  200.0 -999.0 UN   0   0   1     6
 -39.0000  156.0000 3
 -38.0000  156.0000 3
 -39.5000  156.8660 2
 -39.5000  155.1340 2
 -38.0000  156.0000 2
 -39.5000  156.8660 2
  99.0000   99.0000 3
9999 9999 Tristan_da_Cunha <identity>GPlates-8ca404b1-9710-4fbd-b0e7-485776c0dbcd</identity>
   1  200.0 -999.0 UN   0   0   1     6
 -37.0000  -12.0000 3
 -36.0000  -12.0000 3
 -37.5000  -11.1340 2
 -37.5000  -12.8660 2
 -36.0000  -12.0000 2
 -37.5000  -11.1340 2
  99.0000   99.0000 3
9999 9999 Indian Ocean <identity>GPlates-2687b025-2114-49e8-a40f-b572b3d9df5a</identity>
   1  200.0 -999.0 UN   0   0   1     6
 -35.0000  100.0000 3
 -34.0000  100.0000 3
 -35.5000  100.8660 2
 -35.5000   99.1340 2
 -34.0000  100.0000 2
 -35.5000  100.8660 2
  99.0000   99.0000 3
9999 9999 Juan_Fernandez <identity>GPlates-29da362a-93c1-4470-865e-e190661abeb1</identity>
   1  200.0 -999.0 UN   0   0   1     6
 -34.0000  -81.0000 3
 -33.0000  -81.0000 3
 -34.5000  -80.1340 2
 -34.5000  -81.8660 2
 -33.0000  -81.0000 2
 -34.5000  -80.1340 2
  99.0000   99.0000 3
9999 9999 Vema <identity>GPlates-c3823489-e507-401a-9539-03b6be912307</identity>
   1  200.0 -999.0 UN   0   0   1     6
 -33.0000    4.0000 3
 -32.0000    4.0000 3
 -33.5000    4.8660 2
 -33.5000    3.1340 2
 -32.0000    4.0000 2
 -33.5000    4.8660 2
  99.0000   99.0000 3
9999 9999 Lord_Howe <identity>GPlates-4782ddd7-6494-4b2e-8a5a-20a25f755ed8</identity>
   1  200.0 -999.0 UN   0   0   1     6
 -33.0000  159.0000 3
 -32.0000  159.0000 3
 -33.5000  159.8660 2
 -33.5000  158.1340 2
 -32.0000  159.0000 2
 -33.5000  159.8660 2
  99.0000   99.0000 3
9999 9999 Cook_Islands_Austral <identity>GPlates-94817cff-7aed-42ff-b01d-ab469fcb7724</identity>
   1  200.0 -999.0 UN   0   0   1     6
 -30.0000 -140.0000 3
 -29.0000 -140.0000 3
 -30.5000 -139.1340 2
 -30.5000 -140.8660 2
 -29.0000 -140.0000 2
 -30.5000 -139.1340 2
  99.0000   99.0000 3
9999 9999 Easter <identity>GPlates-2d375d5f-2ffb-4098-966c-bd0374fae6f5</identity>
   1  200.0 -999.0 UN   0   0   1     6
 -27.0000 -108.0000 3
 -26.0000 -108.0000 3
 -27.5000 -107.1340 2
 -27.5000 -108.8660 2
 -26.0000 -108.0000 2
 -27.5000 -107.1340 2
  99.0000   99.0000 3
9999 9999 Pitcairn <identity>GPlates-4ecf3df6-3c7f-41ca-84ad-9194b3e5076d</identity>
   1  200.0 -999.0 UN   0   0   1     6
 -26.0000 -130.0000 3
 -25.0000 -130.0000 3
 -26.5000 -129.1340 2
 -26.5000 -130.8660 2
 -25.0000 -130.0000 2
 -26.5000 -129.1340 2
  99.0000   99.0000 3
9999 9999 San_Felix <identity>GPlates-a872b958-e6d5-4fc9-b04f-fe2dd9be7414</identity>
   1  200.0 -999.0 UN   0   0   1     6
 -26.0000  -80.0000 3
 -25.0000  -80.0000 3
 -26.5000  -79.1340 2
 -26.5000  -80.8660 2
 -25.0000  -80.0000 2
 -26.5000  -79.1340 2
  99.0000   99.0000 3
9999 9999 Macdonald <identity>GPlates-1a3178fa-efa6-4bba-8492-f69592220e6e</identity>
   1  200.0 -999.0 UN   0   0   1     6
 -22.0000 -158.0000 3
 -21.0000 -158.0000 3
 -22.5000 -157.1340 2
 -22.5000 -158.8660 2
 -21.0000 -158.0000 2
 -22.5000 -157.1340 2
  99.0000   99.0000 3
9999 9999 Reunion <identity>GPlates-18bfb983-ecbf-4cb8-b41d-764cef98a2bc</identity>
   1  200.0 -999.0 UN   0   0   1     6
 -21.0000   56.0000 3
 -20.0000   56.0000 3
 -21.5000   56.8660 2
 -21.5000   55.1340 2
 -20.0000   56.0000 2
 -21.5000   56.8660 2
  99.0000   99.0000 3
9999 9999 Rodriguez <identity>GPlates-216c6ab3-9098-4dcf-b3e2-9fd7761cd4b5</identity>
   1  200.0 -999.0 UN   0   0   1     6
 -20.0000   64.0000 3
 -19.0000   64.0000 3
 -20.5000   64.8660 2
 -20.5000   63.1340 2
 -19.0000   64.0000 2
 -20.5000   64.8660 2
  99.0000   99.0000 3
9999 9999 Tahiti_Society <identity>GPlates-be4a37bb-4e64-4913-af1c-6e13c3ff520f</identity>
   1  200.0 -999.0 UN   0   0   1     6
 -18.0000 -148.0000 3
 -17.0000 -148.0000 3
 -18.5000 -147.1340 2
 -18.5000 -148.8660 2
 -17.0000 -148.0000 2
 -18.5000 -147.1340 2
  99.0000   99.0000 3
9999 9999 St_Helena <identity>GPlates-c0d27b21-21c5-4303-ab9a-cfd2d8d44df3</identity>
   1  200.0 -999.0 UN   0   0   1     6
 -17.0000  -20.0000 3
 -16.0000  -20.0000 3
 -17.5000  -19.1340 2
 -17.5000  -20.8660 2
 -16.0000  -20.0000 2
 -17.5000  -19.1340 2
  99.0000   99.0000 3
9999 9999 Cocos_Keeling <identity>GPlates-851922e9-94b8-46d6-87c4-f146f450c16a</identity>
   1  200.0 -999.0 UN   0   0   1     6
 -17.0000   95.0000 3
 -16.0000   95.0000 3
 -17.5000   95.8660 2
 -17.5000   94.1340 2
 -16.0000   95.0000 2
 -17.5000   95.8660 2
  99.0000   99.0000 3
9999 9999 Samoa <identity>GPlates-ca43b52a-05c5-4708-b143-76926b913d3d</identity>
   1  200.0 -999.0 UN   0   0   1     6
 -15.0000 -168.0000 3
 -14.0000 -168.0000 3
 -15.5000 -167.1340 2
 -15.5000 -168.8660 2
 -14.0000 -168.0000 2
 -15.5000 -167.1340 2
  99.0000   99.0000 3
9999 9999 Comores <identity>GPlates-7f0d4391-e57d-48f8-87cb-6ed357539791</identity>
   1  200.0 -999.0 UN   0   0   1     6
 -12.0000   43.0000 3
 -11.0000   43.0000 3
 -12.5000   43.8660 2
 -12.5000   42.1340 2
 -11.0000   43.0000 2
 -12.5000   43.8660 2
  99.0000   99.0000 3
9999 9999 Marqueses <identity>GPlates-e9efe2c1-352e-4bbf-b55c-45b7bad07094</identity>
   1  200.0 -999.0 UN   0   0   1     6
 -10.0000 -138.0000 3
  -9.0000 -138.0000 3
 -10.5000 -137.1340 2
 -10.5000 -138.8660 2
  -9.0000 -138.0000 2
 -10.5000 -137.1340 2
  99.0000   99.0000 3
9999 9999 Ascension <identity>GPlates-5d2acbb8-7fea-43c3-a7b2-a39add86fa07</identity>
   1  200.0 -999.0 UN   0   0   1     6
  -8.0000  -14.0000 3
  -7.0000  -14.0000 3
  -8.5000  -13.1340 2
  -8.5000  -14.8660 2
  -7.0000  -14.0000 2
  -8.5000  -13.1340 2
  99.0000   99.0000 3
9999 9999 Seychelles <identity>GPlates-0cfb6a05-d190-4805-952a-e7ea415c0920</identity>
   1  200.0 -999.0 UN   0   0   1     6
  -5.0000   56.0000 3
  -4.0000   56.0000 3
  -5.5000   56.8660 2
  -5.5000   55.1340 2
  -4.0000   56.0000 2
  -5.5000   56.8660 2
  99.0000   99.0000 3
9999 9999 Fernando <identity>GPlates-670bca51-ebc3-40ef-8544-c9b0e07e0d8c</identity>
   1  200.0 -999.0 UN   0   0   1     6
  -4.0000  -32.0000 3
  -3.0000  -32.0000 3
  -4.5000  -31.1340 2
  -4.5000  -32.8660 2
  -3.0000  -32.0000 2
  -4.5000  -31.1340 2
  99.0000   99.0000 3
9999 9999 Lake_Victoria <identity>GPlates-ced6580c-9e5c-429b-8f4a-fdff6ee06fd4</identity>
   1  200.0 -999.0 UN   0   0   1     6
  -3.0000   38.0000 3
  -2.0000   38.0000 3
  -3.5000   38.8660 2
  -3.5000   37.1340 2
  -2.0000   38.0000 2
  -3.5000   38.8660 2
  99.0000   99.0000 3
9999 9999 Caroline2 <identity>GPlates-e1c2072e-b1bb-44b2-a463-56fd5a0a3db6</identity>
   1  200.0 -999.0 UN   0   0   1     6
  -3.0000  167.0000 3
  -2.0000  167.0000 3
  -3.5000  167.8660 2
  -3.5000  166.1340 2
  -2.0000  167.0000 2
  -3.5000  167.8660 2
  99.0000   99.0000 3
9999 9999 Galapagos <identity>GPlates-b9fcf11a-9c3b-4081-8885-68aa8179c9c2</identity>
   1  200.0 -999.0 UN   0   0   1     6
   0.0000  -92.0000 3
   1.0000  -92.0000 3
  -0.5000  -91.1340 2
  -0.5000  -92.8660 2
   1.0000  -92.0000 2
  -0.5000  -91.1340 2
  99.0000   99.0000 3
9999 9999 Cameroon <identity>GPlates-bc8e93cc-b191-47e0-9162-52408beac0be</identity>
   1  200.0 -999.0 UN   0   0   1     6
   4.2000    9.2000 3
   5.2000    9.2000 3
   3.7000   10.0660 2
   3.7000    8.3340 2
   5.2000    9.2000 2
   3.7000   10.0660 2
  99.0000   99.0000 3
9999 9999 Caroline <identity>GPlates-b81cdc1f-2d20-4c5e-806a-dfc55317ab21</identity>
   1  200.0 -999.0 UN   0   0   1     6
   5.0000  164.0000 3
   6.0000  164.0000 3
   4.5000  164.8660 2
   4.5000  163.1340 2
   6.0000  164.0000 2
   4.5000  164.8660 2
  99.0000   99.0000 3
9999 9999 Afar <identity>GPlates-4475bd55-0886-49f2-95e2-3f782fc64e40</identity>
   1  200.0 -999.0 UN   0   0   1     6
   7.0000   39.0000 3
   8.0000   39.0000 3
   6.5000   39.8660 2
   6.5000   38.1340 2
   8.0000   39.0000 2
   6.5000   39.8660 2
  99.0000   99.0000 3
9999 9999 Darfur <identity>GPlates-4ea94c44-21f5-497d-8b09-f1cfa2e2267d</identity>
   1  200.0 -999.0 UN   0   0   1     6
  13.0000   24.0000 3
  14.0000   24.0000 3
  12.5000   24.8660 2
  12.5000   23.1340 2
  14.0000   24.0000 2
  12.5000   24.8660 2
  99.0000   99.0000 3
9999 9999 Cape_Verde <identity>GPlates-c34f36ed-0f57-4430-b594-3d27c6ff9616</identity>
   1  200.0 -999.0 UN   0   0   1     6
  15.0000  -24.0000 3
  16.0000  -24.0000 3
  14.5000  -23.1340 2
  14.5000  -24.8660 2
  16.0000  -24.0000 2
  14.5000  -23.1340 2
  99.0000   99.0000 3
9999 9999 Shimada <identity>GPlates-e5c6eae3-2c18-4e0c-aa24-83ec8230a815</identity>
   1  200.0 -999.0 UN   0   0   1     6
  17.0000 -118.0000 3
  18.0000 -118.0000 3
  16.5000 -117.1340 2
  16.5000 -118.8660 2
  18.0000 -118.0000 2
  16.5000 -117.1340 2
  99.0000   99.0000 3
9999 9999 Hawaii <identity>GPlates-d1964dd2-df2e-457d-8e4b-bf95083e4b38</identity>
   1  200.0 -999.0 UN   0   0   1     6
  19.0000 -155.0000 3
  20.0000 -155.0000 3
  18.5000 -154.1340 2
  18.5000 -155.8660 2
  20.0000 -155.0000 2
  18.5000 -154.1340 2
  99.0000   99.0000 3
9999 9999 Socorro <identity>GPlates-b7ab0e24-1a4e-4458-aa5a-7de0a2dbd11b</identity>
   1  200.0 -999.0 UN   0   0   1     6
  19.0000 -111.0000 3
  20.0000 -111.0000 3
  18.5000 -110.1340 2
  18.5000 -111.8660 2
  20.0000 -111.0000 2
  18.5000 -110.1340 2
  99.0000   99.0000 3
9999 9999 Hainan <identity>GPlates-5f711025-9d61-4ccc-93d3-38d4459a2510</identity>
   1  200.0 -999.0 UN   0   0   1     6
  20.0000  110.0000 3
  21.0000  110.0000 3
  19.5000  110.8660 2
  19.5000  109.1340 2
  21.0000  110.0000 2
  19.5000  110.8660 2
  99.0000   99.0000 3
9999 9999 Tibesti <identity>GPlates-344f4bb1-d001-4273-8694-814bff2706fa</identity>
   1  200.0 -999.0 UN   0   0   1     6
  21.0000   17.0000 3
  22.0000   17.0000 3
  20.5000   17.8660 2
  20.5000   16.1340 2
  22.0000   17.0000 2
  20.5000   17.8660 2
  99.0000   99.0000 3
9999 9999 Atlantic_Ridge <identity>GPlates-3b92b789-b9ae-4248-9fcb-aa1193f5f630</identity>
   1  200.0 -999.0 UN   0   0   1     6
  22.0000  -45.0000 3
  23.0000  -45.0000 3
  21.5000  -44.1340 2
  21.5000  -45.8660 2
  23.0000  -45.0000 2
  21.5000  -44.1340 2
  99.0000   99.0000 3
9999 9999 Hoggar <identity>GPlates-4f5ce98d-17c1-40ee-996b-d1249a55361e</identity>
   1  200.0 -999.0 UN   0   0   1     6
  23.0000    6.0000 3
  24.0000    6.0000 3
  22.5000    6.8660 2
  22.5000    5.1340 2
  24.0000    6.0000 2
  22.5000    6.8660 2
  99.0000   99.0000 3
9999 9999 Baja_Guadalupe <identity>GPlates-b965db0d-bdd0-4d29-a292-d07656c6c51a</identity>
   1  200.0 -999.0 UN   0   0   1     6
  27.0000 -113.0000 3
  28.0000 -113.0000 3
  26.5000 -112.1340 2
  26.5000 -113.8660 2
  28.0000 -113.0000 2
  26.5000 -112.1340 2
  99.0000   99.0000 3
9999 9999 Great_Meteor_New_England <identity>GPlates-4aad6466-ccc7-452e-bb58-aaf9910edccf</identity>
   1  200.0 -999.0 UN   0   0   1     6
  28.0000  -32.0000 3
  29.0000  -32.0000 3
  27.5000  -31.1340 2
  27.5000  -32.8660 2
  29.0000  -32.0000 2
  27.5000  -31.1340 2
  99.0000   99.0000 3
9999 9999 Canary <identity>GPlates-4ae3183c-0149-40d0-a0d9-cb36e5cfb1aa</identity>
   1  200.0 -999.0 UN   0   0   1     6
  28.0000  -18.0000 3
  29.0000  -18.0000 3
  27.5000  -17.1340 2
  27.5000  -18.8660 2
  29.0000  -18.0000 2
  27.5000  -17.1340 2
  99.0000   99.0000 3
9999 9999 Bermuda <identity>GPlates-49f97e01-054b-40d4-8e9d-f373ca31e254</identity>
   1  200.0 -999.0 UN   0   0   1     6
  33.0000  -67.0000 3
  34.0000  -67.0000 3
  32.5000  -66.1340 2
  32.5000  -67.8660 2
  34.0000  -67.0000 2
  32.5000  -66.1340 2
  99.0000   99.0000 3
9999 9999 Madeira <identity>GPlates-8d95605d-f335-411e-b9e6-8ec42954192e</identity>
   1  200.0 -999.0 UN   0   0   1     6
  33.0000  -17.0000 3
  34.0000  -17.0000 3
  32.5000  -16.1340 2
  32.5000  -17.8660 2
  34.0000  -17.0000 2
  32.5000  -16.1340 2
  99.0000   99.0000 3
9999 9999 Raton <identity>GPlates-1c319c7c-c848-4da7-8dba-631139bfb157</identity>
   1  200.0 -999.0 UN   0   0   1     6
  37.0000 -104.0000 3
  38.0000 -104.0000 3
  36.5000 -103.1340 2
  36.5000 -104.8660 2
  38.0000 -104.0000 2
  36.5000 -103.1340 2
  99.0000   99.0000 3
9999 9999 Corner <identity>GPlates-54ff942b-2ff4-4afc-bf95-e2896a6cf666</identity>
   1  200.0 -999.0 UN   0   0   1     6
  37.0000  -52.0000 3
  38.0000  -52.0000 3
  36.5000  -51.1340 2
  36.5000  -52.8660 2
  38.0000  -52.0000 2
  36.5000  -51.1340 2
  99.0000   99.0000 3
9999 9999 Azores <identity>GPlates-8c244523-3eb8-4450-9dae-9fe5d303176e</identity>
   1  200.0 -999.0 UN   0   0   1     6
  38.0000  -26.0000 3
  39.0000  -26.0000 3
  37.5000  -25.1340 2
  37.5000  -26.8660 2
  39.0000  -26.0000 2
  37.5000  -25.1340 2
  99.0000   99.0000 3
9999 9999 Etna <identity>GPlates-2de23acb-79cb-43dc-94e6-37d3e6b9d7ae</identity>
   1  200.0 -999.0 UN   0   0   1     6
  38.0000   15.0000 3
  39.0000   15.0000 3
  37.5000   15.8660 2
  37.5000   14.1340 2
  39.0000   15.0000 2
  37.5000   15.8660 2
  99.0000   99.0000 3
9999 9999 Yellowstone <identity>GPlates-64b6c04c-8fe5-4ccc-90f6-571e1ec1fe6b</identity>
   1  200.0 -999.0 UN   0   0   1     6
  44.0000 -111.0000 3
  45.0000 -111.0000 3
  43.5000 -110.1340 2
  43.5000 -111.8660 2
  45.0000 -111.0000 2
  43.5000 -110.1340 2
  99.0000   99.0000 3
9999 9999 Juan_de_Fuca_Cobb <identity>GPlates-e50d5627-0bbb-4be5-a319-5609b301aeab</identity>
   1  200.0 -999.0 UN   0   0   1     6
  46.0000 -130.0000 3
  47.0000 -130.0000 3
  45.5000 -129.1340 2
  45.5000 -130.8660 2
  47.0000 -130.0000 2
  45.5000 -129.1340 2
  99.0000   99.0000 3
9999 9999 Eifel <identity>GPlates-015a07a6-5c91-4f00-ac12-96dbf620136d</identity>
   1  200.0 -999.0 UN   0   0   1     6
  50.0000    4.0000 3
  51.0000    4.0000 3
  49.5000    4.8660 2
  49.5000    3.1340 2
  51.0000    4.0000 2
  49.5000    4.8660 2
  99.0000   99.0000 3
9999 9999 Alaska_Nunivak <identity>GPlates-a81fabef-f036-4edb-a9dd-d0c23e9b93e9</identity>
   1  200.0 -999.0 UN   0   0   1     6
  60.0000 -166.0000 3
  61.0000 -166.0000 3
  59.5000 -165.1340 2
  59.5000 -166.8660 2
  61.0000 -166.0000 2
  59.5000 -165.1340 2
  99.0000   99.0000 3
9999 9999 Iceland <identity>GPlates-dfd46b3b-3b89-4cb8-920a-5f80a6c98315</identity>
   1  200.0 -999.0 UN   0   0   1     6
  64.0000  -17.0000 3
  65.0000  -17.0000 3
  63.5000  -16.1340 2
  63.5000  -17.8660 2
  65.0000  -17.0000 2
  63.5000  -16.1340 2
  99.0000   99.0000 3
9999 9999 Kolyma_Anjuisky <identity>GPlates-39837f5c-4200-4105-8804-e877fa91555f</identity>
   1  200.0 -999.0 UN   0   0   1     6
  67.0000  165.0000 3
  68.0000  165.0000 3
  66.5000  165.8660 2
  66.5000  164.1340 2
  68.0000  165.0000 2
  66.5000  165.8660 2
  99.0000   99.0000 3
9999 9999 Jan_Mayen <identity>GPlates-5d3bfb63-1edf-4174-973c-1c7ebf7909ab</identity>
   1  200.0 -999.0 UN   0   0   1     6
  71.0000   -8.0000 3
  72.0000   -8.0000 3
  70.5000   -7.1340 2
  70.5000   -8.8660 2
  72.0000   -8.0000 2
  70.5000   -7.1340 2
  99.0000   99.0000 3
9999 9999 Trindade_Arnold <identity>GPlates-e888cc16-ff2c-468d-ba28-2870b005daf2</identity>
   1  200.0 -999.0 UN   0   0   1     6
 -19.0348  -26.9893 3
 -18.0348  -26.9893 3
 -19.5348  -26.1233 2
 -19.5348  -27.8553 2
 -18.0348  -26.9893 2
 -19.5348  -26.1233 2
  99.0000   99.0000 3
9999 9999 Amsterdam_Christmas <identity>GPlates-a4592397-80e0-4bd2-a200-f9bf31b53564</identity>
   1  200.0 -999.0 UN   0   0   1     6
 -35.9545   78.5759 3
 -34.9545   78.5759 3
 -36.4545   79.4419 2
 -36.4545   77.7099 2
 -34.9545   78.5759 2
 -36.4545   79.4419 2
  99.0000   99.0000 3
9999 9999 Rurutu/Arago <identity>GPlates-396bf95c-247b-42bd-9d37-d600a24c12d1</identity>
   1  200.0 -999.0 UN   0   0   1     6
 -23.0000 -151.0000 3
 -22.0000 -151.0000 3
 -23.5000 -150.1340 2
 -23.5000 -151.8660 2
 -22.0000 -151.0000 2
 -23.5000 -150.1340 2
  99.0000   99.0000 3
9999 9999 Bowie <identity>GPlates-497749ed-4776-4d38-afaa-4001be93af86</identity>
   1  200.0 -999.0 UN   0   0   1     6
  53.0000 -136.0000 3
  54.0000 -136.0000 3
  52.5000 -135.1340 2
  52.5000 -136.8660 2
  54.0000 -136.0000 2
  52.5000 -135.1340 2
  99.0000   99.0000 3
